Initializing Megaminx!
initing edge: 0
Piece 0 Vertex Array: [ [ -20.000006, 27.527634, -111.35163 ], [ 19.999998, 27.527636, -111.35163 ], [ 7.9415097, 68.819084, -111.35163 ], [ -7.9415245, 68.81909, -111.35163 ], [ -19.99999, 87.285225, -74.41939 ], ]
initing edge: 1
Piece 1 Vertex Array: [ [ -32.360676, -10.514629, -111.35163 ], [ -19.999994, 27.527636, -111.35163 ], [ -62.996777, 28.819088, -111.35163 ], [ -67.90491, 13.713434, -111.35163 ], [ -89.19352, 7.9514804, -74.41939 ], ]
initing edge: 2
Piece 2 Vertex Array: [ [ 0.00000040575637, -34.02603, -111.35163 ], [ -32.360676, -10.51462, -111.35163 ], [ -46.875652, -51.007908, -111.35163 ], [ -34.02602, -60.343723, -111.35163 ], [ -35.12462, -82.37093, -74.41939 ], ]
initing edge: 3
Piece 3 Vertex Array: [ [ 32.360683, -10.514605, -111.35163 ], [ 0.0000004057563, -34.026028, -111.35163 ], [ 34.026016, -60.34371, -111.35163 ], [ 46.87567, -51.0079, -111.35163 ], [ 67.48531, -58.859512, -74.41939 ], ]
initing edge: 4
Piece 4 Vertex Array: [ [ 19.999998, 27.52764, -111.35163 ], [ 32.360676, -10.514619, -111.35163 ], [ 67.90489, 13.713468, -111.35163 ], [ 62.996773, 28.819109, -111.35163 ], [ 76.83283, 45.993763, -74.41939 ], ]
initing edge: 5
Piece 5 Vertex Array: [ [ -19.999992, 87.28523, -74.41939 ], [ -32.360676, 104.29822, -40.393394 ], [ -67.9049, 93.46309, -62.06362 ], [ -62.99676, 86.70766, -75.57454 ], [ -76.83284, 45.99374, -74.41939 ], ]
initing edge: 6
Piece 6 Vertex Array: [ [ -89.19353, 7.9514813, -74.41939 ], [ -109.1935, 1.4530983, -40.393394 ], [ -109.87245, -35.699722, -62.06362 ], [ -101.930954, -33.119343, -75.57454 ], [ -67.4853, -58.859528, -74.41939 ], ]
initing edge: 7
Piece 7 Vertex Array: [ [ -35.124622, -82.37094, -74.41939 ], [ -35.124622, -103.400154, -40.393394 ], [ 0.0000013776425, -115.52673, -62.06362 ], [ 0.0000012780674, -107.17654, -75.57454 ], [ 35.12466, -82.37092, -74.41939 ], ]
initing edge: 8
Piece 8 Vertex Array: [ [ 67.48532, -58.859516, -74.41939 ], [ 87.48528, -65.3579, -40.393394 ], [ 109.87245, -35.69972, -62.06362 ], [ 101.93092, -33.119415, -75.57454 ], [ 89.19352, 7.9514832, -74.41939 ], ]
initing edge: 9
Piece 9 Vertex Array: [ [ 76.83283, 45.993767, -74.41939 ], [ 89.1935, 63.006752, -40.393394 ], [ 67.9049, 93.4631, -62.06362 ], [ 62.99678, 86.70765, -75.57454 ], [ 19.999958, 87.28523, -74.41939 ], ]
initing edge: 10
Piece 10 Vertex Array: [ [ -0.000005018628, 114.81283, -19.36415 ], [ 32.36068, 104.29822, -40.393394 ], [ 46.87568, 122.40734, -4.1751103 ], [ 34.026005, 126.58245, 4.1751943 ], [ 35.12463, 103.40011, 40.393467 ], ]
initing edge: 11
Piece 11 Vertex Array: [ [ -109.1935, 35.47909, -19.36415 ], [ -89.1935, 63.006752, -40.393394 ], [ -101.93093, 82.40735, -4.1751103 ], [ -109.87245, 71.47679, 4.1751943 ], [ -87.48524, 65.35791, 40.393467 ], ]
initing edge: 12
Piece 12 Vertex Array: [ [ -67.48527, -92.885544, -19.36415 ], [ -87.48528, -65.3579, -40.393394 ], [ -109.87244, -71.476814, -4.1751103 ], [ -101.930916, -82.40737, 4.1751943 ], [ -89.19349, -63.006702, 40.393467 ], ]
initing edge: 13
Piece 13 Vertex Array: [ [ 67.48531, -92.885506, -19.36415 ], [ 35.124626, -103.400154, -40.393394 ], [ 34.026043, -126.58244, -4.1751103 ], [ 46.875683, -122.40734, 4.1751943 ], [ 32.360638, -104.29819, 40.393467 ], ]
initing edge: 14
Piece 14 Vertex Array: [ [ 109.193474, 35.479145, -19.36415 ], [ 109.1935, 1.4531009, -40.393394 ], [ 130.90169, -6.755433, -4.1751103 ], [ 130.90169, 6.755479, 4.1751943 ], [ 109.19346, -1.4531144, 40.393467 ], ]
initing edge: 15
Piece 15 Vertex Array: [ [ -32.360687, 104.29821, -40.393394 ], [ -0.000005018628, 114.81283, -19.36415 ], [ -34.026062, 126.582436, 4.1750727 ], [ -46.875675, 122.40734, -4.1751103 ], [ -67.48531, 92.88548, 19.36427 ], ]
initing edge: 16
Piece 16 Vertex Array: [ [ -109.1935, 1.4530723, -40.393394 ], [ -109.1935, 35.47909, -19.36415 ], [ -130.90169, 6.7554135, 4.1750727 ], [ -130.90169, -6.755467, -4.1751103 ], [ -109.19345, -35.479156, 19.36427 ], ]
initing edge: 17
Piece 17 Vertex Array: [ [ -35.124622, -103.400154, -40.393394 ], [ -67.48527, -92.885544, -19.36415 ], [ -46.87562, -122.407364, 4.1750727 ], [ -34.02604, -126.58244, -4.1751103 ], [ 0.000056116143, -114.812805, 19.36427 ], ]
initing edge: 18
Piece 18 Vertex Array: [ [ 87.48532, -65.35786, -40.393394 ], [ 67.48531, -92.885506, -19.36415 ], [ 101.93096, -82.40732, 4.1750727 ], [ 109.872475, -71.47676, -4.1751103 ], [ 109.19348, -35.47905, 19.36427 ], ]
initing edge: 19
Piece 19 Vertex Array: [ [ 89.1935, 63.006752, -40.393394 ], [ 109.193474, 35.479145, -19.36415 ], [ 109.87241, 71.476845, 4.1750727 ], [ 101.93093, 82.40736, -4.1751103 ], [ 67.48522, 92.885544, 19.36427 ], ]
initing edge: 20
Piece 20 Vertex Array: [ [ -87.48528, 65.35788, 40.39343 ], [ -67.4853, 58.85951, 74.41942 ], [ -101.930916, 33.11937, 75.57457 ], [ -109.87244, 35.699722, 62.063656 ], [ -109.19348, -1.4531432, 40.393402 ], ]
initing edge: 21
Piece 21 Vertex Array: [ [ -89.193474, -63.006756, 40.39343 ], [ -76.832825, -45.993744, 74.41942 ], [ -62.99679, -86.7076, 75.57457 ], [ -67.90492, -93.46306, 62.063656 ], [ -32.36059, -104.298225, 40.393402 ], ]
initing edge: 22
Piece 22 Vertex Array: [ [ 32.360695, -104.298195, 40.39343 ], [ 19.999985, -87.28521, 74.41942 ], [ 62.9968, -86.7076, 75.57457 ], [ 67.90493, -93.46306, 62.063656 ], [ 89.193504, -63.006718, 40.393402 ], ]
initing edge: 23
Piece 23 Vertex Array: [ [ 109.19348, -1.4530106, 40.39343 ], [ 89.193504, -7.9514503, 74.41942 ], [ 101.93091, 33.119392, 75.57457 ], [ 109.87243, 35.699753, 62.063656 ], [ 87.48522, 65.35796, 40.393402 ], ]
initing edge: 24
Piece 24 Vertex Array: [ [ 35.124584, 103.400154, 40.39343 ], [ 35.124626, 82.37091, 74.41942 ], [ 0.000014905137, 107.17651, 75.57457 ], [ 0.000016066408, 115.52672, 62.063656 ], [ -35.124653, 103.40012, 40.393402 ], ]
initing edge: 25
Piece 25 Vertex Array: [ [ -19.999994, -27.527674, 111.351616 ], [ 20.000006, -27.52766, 111.351616 ], [ 7.941512, -68.819145, 111.35159 ], [ -7.9415107, -68.819145, 111.35159 ], [ -19.999992, -87.28525, 74.41936 ], ]
initing edge: 26
Piece 26 Vertex Array: [ [ 20.000034, -27.527645, 111.351616 ], [ 32.360703, 10.514624, 111.351616 ], [ 67.90496, -13.713455, 111.35159 ], [ 62.996834, -28.819107, 111.35159 ], [ 76.83286, -45.993748, 74.41936 ], ]
initing edge: 27
Piece 27 Vertex Array: [ [ 32.3607, 10.514656, 111.351616 ], [ 0.0000047320345, 34.026054, 111.351616 ], [ 34.026054, 60.34376, 111.35159 ], [ 46.87569, 51.007957, 111.35159 ], [ 67.48531, 58.859554, 74.41936 ], ]
initing edge: 28
Piece 28 Vertex Array: [ [ -0.000027717744, 34.02606, 111.351616 ], [ -32.3607, 10.514632, 111.351616 ], [ -46.8757, 51.00795, 111.35159 ], [ -34.026066, 60.343758, 111.35159 ], [ -35.124695, 82.370926, 74.41936 ], ]
initing edge: 29
Piece 29 Vertex Array: [ [ -32.360714, 10.514603, 111.351616 ], [ -20.000002, -27.527664, 111.351616 ], [ -62.996815, -28.81915, 111.35159 ], [ -67.90496, -13.713437, 111.35159 ], [ -89.19354, -7.9515142, 74.41936 ], ]
initing corner: 0
Piece 0 Vertex Array: [ [ -20.000006, 27.527634, -111.35163 ], [ -7.9415245, 68.81909, -111.35163 ], [ -50.00001, 68.819084, -111.35163 ], [ -62.996777, 28.819088, -111.35163 ], [ -76.83283, 45.993736, -74.41939 ], ]
initing corner: 1
Piece 1 Vertex Array: [ [ -32.360676, -10.514629, -111.35163 ], [ -67.90491, 13.713434, -111.35163 ], [ -80.90169, -26.286573, -111.35163 ], [ -46.875652, -51.007908, -111.35163 ], [ -67.48529, -58.859524, -74.41939 ], ]
initing corner: 2
Piece 2 Vertex Array: [ [ 0.00000040575637, -34.02603, -111.35163 ], [ -34.02602, -60.343723, -111.35163 ], [ 0.0000010143909, -85.06508, -111.35163 ], [ 34.026016, -60.34371, -111.35163 ], [ 35.124657, -82.37091, -74.41939 ], ]
initing corner: 3
Piece 3 Vertex Array: [ [ 32.360683, -10.514605, -111.35163 ], [ 46.87567, -51.0079, -111.35163 ], [ 80.90171, -26.286512, -111.35163 ], [ 67.90489, 13.713468, -111.35163 ], [ 89.19351, 7.951483, -74.41939 ], ]
initing corner: 4
Piece 4 Vertex Array: [ [ 19.999998, 27.52764, -111.35163 ], [ 62.996773, 28.819109, -111.35163 ], [ 49.999992, 68.8191, -111.35163 ], [ 7.941514, 68.819084, -111.35163 ], [ 19.999956, 87.285225, -74.41939 ], ]
initing corner: 5
Piece 5 Vertex Array: [ [ -32.360687, 104.29821, -40.393394 ], [ -46.875675, 122.40734, -4.1751103 ], [ -80.901695, 111.35165, -26.286495 ], [ -67.9049, 93.46309, -62.06362 ], [ -89.193504, 63.00673, -40.39338 ], ]
initing corner: 6
Piece 6 Vertex Array: [ [ -109.1935, 1.4530723, -40.393394 ], [ -130.90169, -6.755467, -4.1751103 ], [ -130.9017, -42.53254, -26.286495 ], [ -109.87245, -35.699722, -62.06362 ], [ -87.48527, -65.35792, -40.39338 ], ]
initing corner: 7
Piece 7 Vertex Array: [ [ -35.124622, -103.400154, -40.393394 ], [ -34.02604, -126.58244, -4.1751103 ], [ 0.000001641319, -137.6382, -26.286495 ], [ 0.0000013776425, -115.52673, -62.06362 ], [ 35.124622, -103.40015, -40.39338 ], ]
initing corner: 8
Piece 8 Vertex Array: [ [ 87.48532, -65.35786, -40.393394 ], [ 109.872475, -71.47676, -4.1751103 ], [ 130.9017, -42.532536, -26.286495 ], [ 109.87245, -35.69972, -62.06362 ], [ 109.19349, 1.4531529, -40.39338 ], ]
initing corner: 9
Piece 9 Vertex Array: [ [ 89.1935, 63.006752, -40.393394 ], [ 101.93093, 82.40736, -4.1751103 ], [ 80.901695, 111.351654, -26.286495 ], [ 67.9049, 93.4631, -62.06362 ], [ 32.36066, 104.29821, -40.39338 ], ]
initing corner: 10
Piece 10 Vertex Array: [ [ -32.360687, -104.298225, 40.393356 ], [ -46.875675, -122.40734, 4.1751866 ], [ -80.901695, -111.351654, 26.286459 ], [ -67.9049, -93.46311, 62.06359 ], [ -89.193504, -63.006737, 40.39336 ], ]
initing corner: 11
Piece 11 Vertex Array: [ [ -109.1935, -1.4530789, 40.393394 ], [ -130.90169, 6.7554646, 4.1751146 ], [ -130.9017, 42.53254, 26.286491 ], [ -109.87245, 35.69972, 62.06362 ], [ -87.48527, 65.3579, 40.393394 ], ]
initing corner: 12
Piece 12 Vertex Array: [ [ -35.124622, 103.40016, 40.39337 ], [ -34.02604, 126.58244, 4.175254 ], [ 0.000001641319, 137.63818, 26.286602 ], [ 0.0000013776425, 115.52674, 62.063614 ], [ 35.124622, 103.400154, 40.393368 ], ]
initing corner: 13
Piece 13 Vertex Array: [ [ 87.48532, 65.357834, 40.39344 ], [ 109.872475, 71.47676, 4.1750855 ], [ 130.9017, 42.53254, 26.286491 ], [ 109.87245, 35.69972, 62.06362 ], [ 109.19349, -1.4531554, 40.39338 ], ]
initing corner: 14
Piece 14 Vertex Array: [ [ 89.1935, -63.006763, 40.393375 ], [ 101.93093, -82.40736, 4.1751103 ], [ 80.901695, -111.351654, 26.286459 ], [ 67.9049, -93.46311, 62.063595 ], [ 32.36066, -104.29822, 40.393353 ], ]
initing corner: 15
Piece 15 Vertex Array: [ [ -19.999994, -27.527674, 111.351616 ], [ -7.9415107, -68.819145, 111.35159 ], [ -49.999977, -68.819176, 111.35159 ], [ -62.99677, -28.819172, 111.35161 ], [ -76.83283, -45.993774, 74.41938 ], ]
initing corner: 16
Piece 16 Vertex Array: [ [ 20.000034, -27.527645, 111.351616 ], [ 62.996834, -28.819107, 111.35159 ], [ 50.00008, -68.8191, 111.35159 ], [ 7.9416075, -68.8191, 111.35161 ], [ 20.000032, -87.28522, 74.41938 ], ]
initing corner: 17
Piece 17 Vertex Array: [ [ 32.3607, 10.514656, 111.351616 ], [ 46.87569, 51.007957, 111.35159 ], [ 80.90173, 26.286636, 111.35159 ], [ 67.90494, -13.713385, 111.35161 ], [ 89.19353, -7.9514527, 74.41938 ], ]
initing corner: 18
Piece 18 Vertex Array: [ [ -0.000027717744, 34.02606, 111.351616 ], [ -34.026066, 60.343758, 111.35159 ], [ -0.00006929435, 85.06513, 111.35159 ], [ 34.02595, 60.343784, 111.35161 ], [ 35.124596, 82.37096, 74.41938 ], ]
initing corner: 19
Piece 19 Vertex Array: [ [ -32.360714, 10.514603, 111.351616 ], [ -67.90496, -13.713437, 111.35159 ], [ -80.90177, 26.286503, 111.35159 ], [ -46.87573, 51.00788, 111.35161 ], [ -67.48534, 58.859497, 74.41938 ], ]
initing center: 0
Piece 0 Vertex Array: [ [ 19.999998, 27.527637, -111.35163 ], [ -19.999998, 27.527637, -111.35163 ], [ -32.360683, -10.514621, -111.35163 ], [ 0.00000040575637, -34.02603, -111.35163 ], [ 32.360683, -10.514621, -111.35163 ], ]
initing center: 1
Piece 1 Vertex Array: [ [ -0.000005018628, 114.81283, -19.36415 ], [ -32.360676, 104.29822, -40.393394 ], [ -20.000004, 87.285225, -74.41939 ], [ 20.000006, 87.285225, -74.41939 ], [ 32.36069, 104.29821, -40.393394 ], ]
initing center: 2
Piece 2 Vertex Array: [ [ -109.1935, 35.47909, -19.36415 ], [ -109.1935, 1.4530983, -40.393394 ], [ -89.19353, 7.9514813, -74.41939 ], [ -76.83283, 45.99376, -74.41939 ], [ -89.1935, 63.006752, -40.393394 ], ]
initing center: 3
Piece 3 Vertex Array: [ [ -67.48527, -92.885544, -19.36415 ], [ -35.124622, -103.400154, -40.393394 ], [ -35.124622, -82.37094, -74.41939 ], [ -67.48531, -58.859516, -74.41939 ], [ -87.48528, -65.3579, -40.393394 ], ]
initing center: 4
Piece 4 Vertex Array: [ [ 67.48531, -92.885506, -19.36415 ], [ 87.48528, -65.3579, -40.393394 ], [ 67.48532, -58.859516, -74.41939 ], [ 35.124622, -82.37094, -74.41939 ], [ 35.124626, -103.400154, -40.393394 ], ]
initing center: 5
Piece 5 Vertex Array: [ [ 109.193474, 35.479145, -19.36415 ], [ 89.1935, 63.006752, -40.393394 ], [ 76.83283, 45.993767, -74.41939 ], [ 89.19353, 7.951484, -74.41939 ], [ 109.1935, 1.4531009, -40.393394 ], ]
initing center: 6
Piece 6 Vertex Array: [ [ 19.999998, -27.527668, 111.351616 ], [ -19.999998, -27.527668, 111.351616 ], [ -32.360683, 10.514545, 111.35164 ], [ 0.00000040575637, 34.02595, 111.351654 ], [ 32.360683, 10.514545, 111.35164 ], ]
initing center: 7
Piece 7 Vertex Array: [ [ -20.000023, -87.285194, 74.41941 ], [ 19.999983, -87.2852, 74.41942 ], [ 32.360653, -104.29823, 40.393383 ], [ 0.0000013691292, -114.81283, 19.36413 ], [ -32.3607, -104.29822, 40.393375 ], ]
initing center: 8
Piece 8 Vertex Array: [ [ 76.8328, -45.993755, 74.41941 ], [ 89.1935, -7.951493, 74.41942 ], [ 109.193504, -1.453115, 40.393383 ], [ 109.19349, -35.47911, 19.36413 ], [ 89.19349, -63.006767, 40.393375 ], ]
initing center: 9
Piece 9 Vertex Array: [ [ 67.485306, 58.859486, 74.41941 ], [ 35.124622, 82.3709, 74.41942 ], [ 35.12464, 103.400154, 40.393383 ], [ 67.48528, 92.88554, 19.36413 ], [ 87.485306, 65.357895, 40.393375 ], ]
initing center: 10
Piece 10 Vertex Array: [ [ -35.1246, 82.37092, 74.41941 ], [ -67.48531, 58.859478, 74.41942 ], [ -87.48528, 65.35792, 40.393383 ], [ -67.48525, 92.88555, 19.36413 ], [ -35.12466, 103.40015, 40.393375 ], ]
initing center: 11
Piece 11 Vertex Array: [ [ -89.1935, -7.951425, 74.41941 ], [ -76.83282, -45.993732, 74.41942 ], [ -89.19354, -63.006702, 40.393383 ], [ -109.19348, -35.479134, 19.36413 ], [ -109.193504, -1.4530846, 40.393375 ], ]
facenum 0
facenum 1
facenum 2
facenum 3
facenum 4
facenum 5
facenum 6
facenum 7
facenum 8
facenum 9
facenum 10
facenum 11
